job21,91,91,105524690590,199332552722,22658748953,787
job23,92,1,105524690590,247225400197,22848949208,787
job80,328,236,1666732399,2229848800,2362,13
job118,478,150,781292838397,1281995000410,780422469303,5822
job123,485,7,2377667935,4979403763,182050104,18
job132,531,46,1590684084,7593417002,2090196743,12
job139,560,29,18416616174,42790093140,23787043241,138
job189,796,236,27982424340,133345989092,18949661418,209
job236,1013,217,73462019436,286891434691,80227220783,548
job243,1032,19,2478831216,2717436432,285702725,19
job244,1033,1,30397480641,84799485472,21837842837,227
job369,1487,454,1076131679,1122659518,21898112,9
job428,1771,284,10030998360,27005917196,6957820497,75
job440,1813,42,56255955652,103931317714,298069273669,420
job485,1963,150,5050181310,8634954285,3133680539,38
job538,2182,219,7179312036,14771757512,9660334123,54
job607,2539,357,699507137,3123140500,5756,6
job694,2790,251,1796049228,8449422696,2362864739,14
job708,2825,35,591102596,1076486617,46605573,5
job740,2923,98,37831360727,45801791923,2916878394,282
job763,3016,93,0,1193094746572,679215815044,0
job785,3102,86,2926776225,3355059655,2023328490,22
job836,3249,147,105070306514,246449265754,23167734994,783
job838,3250,1,105070306514,199562161594,22970621366,783
job862,3299,49,13365452138,25378889396,5580282805,100
job894,3418,119,562055501,1313589733,66251,5
job910,3473,55,692852253369,3810188920997,2989414930416,5163
job1032,3735,262,734957401,2810173271,1257886767,6
job1091,3888,153,3356293698,3460662373,1501093,26
job1092,3889,1,804489227,1557165607,241107350,6
job1115,3923,34,6624040780,37537403103,7734159555,50
job1117,3927,4,134950148021,270260426619,17904372638,1006
job1191,4130,203,5944258487,16070277598,3881070691,45
job1243,4213,83,26274024833,47676348686,833813395,196
job1332,4278,65,481403644,1084885861,850716323,4
job1348,4326,48,51292743789,224021677876,91315413108,383
job1389,4451,125,53715988890,304909818025,124127566833,401
job1422,4566,115,10122487509,27263124038,7023270387,76
job1426,4571,5,3909093405,4242872001,220497751,30
job1446,4650,79,5013913137,19960076991,8702813891,38
job1537,4842,192,784962024,1094266510,381,6
job1576,4939,97,11455039575,45031106388,17936290366,86
job1578,4947,8,1281375620,1692902245,3404652,10
job1579,4948,1,1574461702,1825956052,248238,12
job1584,4951,3,1542594215,1609559021,10696,12
job1621,5008,57,2348310267,3637755270,1142386147,18
job1775,5267,259,6179583157,17488686486,9321553058,47
job1791,5313,46,5809300772,15731063366,3860087623,44
job1845,5478,165,37577245398,166298733894,7467415946,280
job1856,5512,34,6581141934,7079117858,3567836776,50
job1866,5540,28,33655081101,113447743345,1682102116,251
job1872,5561,21,685388358,3466721449,2579533292,6
job1914,5650,89,117885148480,229568118098,131905677988,879
job1957,5777,127,6179583157,17344618881,8637908939,47
job1963,5801,24,2029188003,2619632400,1015454,16
job1971,5832,31,1294270509,3853351916,1436475082,10
job1973,5834,2,1180798716,1362962700,659623,9
job1975,5838,4,24649043433,46004961047,211717,184
job1989,5879,41,58180937664,93377331421,52871602982,434
job1993,5881,2,63544897602,159561075241,6959689,474
job2003,5903,22,24648884044,45967035079,6664,184
job2004,5908,5,1542123233,1609463717,59584,12
job2076,6089,181,1554109177,1732362066,90766,12
job2082,6103,14,1248662614,4064367045,2651310298,10
job2121,6190,87,514829513,1153600561,77013661,4
job2135,6223,33,5778840444,15869351432,3883859398,44
job2139,6233,10,1347182535,2559526152,1561423553,11
job2197,6443,210,4328892151,15459349607,29157788,33
job2315,6599,156,3000119105,3046223991,613249561,23
job2353,6636,37,1347182535,2436672774,1344530908,11
job2371,6679,43,1002665258,1869451351,117612545,8
job2397,6730,51,1531479503,2046701662,272,12
job2515,7039,309,62930898871,116848020634,46240102503,469
job2527,7082,43,542601617021,1172087272419,735773180262,4043
job2533,7094,12,656077587,1407604972,2865592,5
job2551,7136,42,5801493829,15683406024,3823065551,44
job2571,7191,55,255106445535,755061018533,58706266257,1901
job2596,7263,72,276827069,1319111856,176140495,3
job2619,7332,69,397966080,2444114704,378699580,3
job2624,7344,12,98454160376,120416477683,55270963160,734
job2637,7378,34,21044241002,60641357139,14466711865,157
job2648,7401,23,2587689895,5926782245,2090351466,20
job2670,7460,59,491348300,2130135015,303834665,4
job2671,7462,2,1276213389,1521772231,794520190,10
job2673,7465,3,38094333909,254927192821,22360767005,284
job2689,7519,54,3742334078,8172995900,2250187847,28
job2727,7598,79,86326323901,434274418536,88820,644
job2733,7622,24,15108217544,41702511931,20844031873,113
job2738,7648,26,1424106816,2808332492,1244131487,11
job2741,7659,11,10111106046,30013035134,6358985497,76
job2745,7665,6,54440678413,120048049422,3949075767,406
job2746,7666,1,53463049928,56857286549,1938093825,399
job2747,7667,1,188641963971,236150784371,12047863784,1406
job2757,7693,26,2133811871,8139711390,4689061766,16
job2760,7699,6,1538962918,1875499650,804709927,12
job2771,7744,45,351167492,1744104075,304721797,3
job2776,7769,25,80983069231,279970252777,66966595475,604
job2777,7774,5,80983069231,279747005588,66966478533,604
job2782,7792,18,32578198945,167911032541,32286075578,243
job2794,7806,14,62752842280,276400351104,66976072450,468
job2799,7808,2,62752842280,276433493951,66976143038,468
job2802,7813,5,62920732870,277436727101,67251049113,469
job2804,7815,2,62752842280,276389394432,66976059861,468
job2833,7918,103,52413921145,66066354657,4694859,391
job2861,8093,175,6235997235,6321731076,4159907295,47
job2864,8115,22,27641110226,89967740024,29707791887,206
job2966,8550,435,10217024425,36022566858,3005896556,77
job2997,8708,158,41156907941,242747493520,79995081524,307
job3023,8851,143,6941433822,6968499214,4711291788,52
job3059,8956,105,52416136702,66054600104,8358976,391
job3066,8974,18,10640898044,37351020065,21886378028,80
job3078,9066,92,2702439454,7142503518,4920503755,21
job3095,9123,57,66526517002,318189195709,130809566342,496
job3096,9129,6,2163291962,3975872512,1988244122,17
job3123,9202,73,5991607141,6045848878,3960129140,45
job3134,9267,65,8947966051,12802167254,3210415952,67
job3135,9267,0,10057664678,15677215477,3246586095,75
job3203,9496,229,85236134752,105680092438,21198482090,636
job3204,9497,1,2728805660,7741779891,5324766019,21
job3206,9499,2,2823323339,7775190261,5377921421,22
job3222,9527,28,102576650344,214169583413,35580812285,765
job3223,9528,1,102527388817,177701884855,35210934859,764
job3284,9755,227,1272816514,1356842179,819594509,10
job3301,9786,31,2976922636,8119039757,5521466384,23
job3308,9807,21,2811693454,7762653388,5342328262,21
job3321,9840,33,3228435083,8311956788,2736553616,25
job3354,9961,121,881467513203,3510442238613,294517568291,6568
job3378,10058,97,7725549107,15317167551,10109665180,58
job3410,10158,100,2543983952,7139037426,4696127711,19
job3434,10241,83,3090558704,7052257295,21759222,24
job3456,10318,77,39631788428,68822738638,792435735,296
job3495,10425,107,301516758468,699781073046,3734876157,2247
job3507,10433,8,3890131840,5684761197,519733,29
job3509,10445,12,1685031237,5204210657,1630465306,13
job3570,10660,215,2996921563,8224657806,2374916593,23
job3572,10662,2,3890357756,5689704543,324027,29
job3602,10745,83,654410501,1162927997,103435678,5
job3609,10786,41,655060841,1163068639,104178204,5
job3617,10811,25,2997146180,13263326907,5302316320,23
job3619,10824,13,1902730529,2750940477,6954230,15
job3637,10847,23,7954829292,16178532811,11388426503,60
job3761,11134,287,4681903432,16542686343,272091310,35
job3827,11410,276,23232576682,75651359549,52071253333,174
job3865,11513,103,824909626705,3421194461879,1313074684035,6147
job3893,11559,46,3154111795,3752406800,626029676,24
job3901,11568,9,54962481759,70005753096,11128109,410
job3938,11634,66,1579584052,1996670014,7904617,12
job3955,11680,46,1508649876,3140608536,2075077889,12
job4013,11816,136,2877556026,5412551879,815505550,22
job4077,11915,99,4006769321,5247920917,1868769,30
job4112,11943,28,1441843771,1731498035,49202422,11
job4133,11995,52,4719034246,16723640406,432109723,36
job4155,12019,24,62507285681,150977483768,71748326495,466
job4161,12025,6,568908493,1901350294,92702254,5
job4200,12100,75,902063135800,1576987114018,676639810301,6721
job4212,12126,26,218224162,2793257676,957581005,2
job4259,12199,73,6262689795,23439554008,218036895,47
job4342,12379,180,1259920970,4481262406,2913134908,10
job4353,12418,39,5666104419,14097284763,5293585162,43
job4388,12560,142,1837118175,3360109368,1625041970,14
job4406,12594,34,4601360055,5321519465,5568,35
job4487,12673,79,118168364,1159418588,403221547,1
job4541,12738,65,2873946530,4678623812,235317475,22
job4563,12776,38,454548586431,1432515335737,53231473406,3387
job4803,13304,528,2707227024,5157567593,740712162,21
job4866,13440,136,1452044257,1920650290,4353500,11
job4880,13495,55,9248308143,11050625297,3445859285,69
job4926,13671,176,19617627130,58041979975,2611741957,147
job5032,13951,280,1837955583,5570214539,2088618316,14
job5056,13991,40,26774917944,82202701269,11287536135,200
job5062,14007,16,6426613099,21663302174,6696766152,48
job5133,14230,223,2306378281,2468812106,152330403,18
job5153,14297,67,2928124495,7616930708,3305052049,22
job5203,14402,105,46890093222,130667842599,59804513333,350
job5205,14408,6,45778560215,127097210118,58208889232,342
job5228,14480,72,34021375724,145419634429,63816710228,254
job5303,14772,292,36438717024,134314469277,60024668054,272
job5315,14833,61,134240543216,652593187838,254418396426,1001
job5426,15227,394,4502322199,31887608223,7898537365,34
job5432,15239,12,1372210604,2885350064,20215370056,11
job5501,15554,315,828079489204,1295596538262,547297581360,6170
job5502,15560,6,1264559662,4207170687,2666986298,10
job5510,15597,37,12139248578,41255343921,18161156247,91
job5540,15683,86,28865932593,126673520992,55690088188,216
job5571,15850,167,5918745580,19724487192,5929559979,45
job5575,15857,7,1424993267,1881318749,652771449,11
job5579,15871,14,1717244740,1747460043,874635053,13
job5585,15886,15,250522692385,365408028199,52478795822,1867
job5667,16181,295,28365717578,123914786018,54423336948,212
job5707,16287,106,1336191172,1852013927,4269825,10
job5753,16406,119,31584185446,139389462750,61288668281,236
job5787,16563,157,12063859737,16238792612,1763425,90
job5835,16659,96,156688205753,199185057268,78102066712,1168
job5869,16754,95,3166676717,6079229953,97226377,24
job5921,16979,225,2750060097,4460554016,10059,21
job5951,17093,114,593809983,1412386676,89575300,5
job5955,17095,2,1974624854,2139748846,1039163291,15
job5975,17173,78,763860640841,2135536320711,53992,5692
job5999,17216,43,2840407171,5504677092,111322088,22
job6004,17235,19,2196576089,8511477652,57771618,17
job6094,17486,251,9700224789,19335794446,198820,73
job6112,17704,218,33124400155,146622150724,64504348816,247
job6115,17721,17,2283766828,4207247756,2676854824,18
job6120,17741,20,31003360415,136541072772,60083090151,231
job6130,17779,38,1683876295,2902755750,337147088,13
job6155,17824,45,40323840430,163332189567,75046045272,301
job6162,17846,22,886638549,1171696945,898537570,7
job6248,18027,181,780286716737,1339450243738,2862732510,5814
job6249,18049,22,23138160570,109862787215,15851434308,173
job6281,18151,102,280661825927,1098781567499,337406016599,2092
job6298,18220,69,10579490361,100847802255,466417,79
job6299,18233,13,15102590428,45449493459,391579645,113
job6307,18291,58,18122314092,36466203783,8297756570,136
job6328,18388,97,275250865595,1460042546390,450763385040,2051
job6347,18543,155,185293405658,900363548778,335222472392,1381
job6398,18839,296,2575028731490,10685200731412,90121001474,19186
job6403,18864,25,661023613,1540095284,140738487,5
job6420,18924,60,273139521622,1053229228652,323325456391,2036
job6433,18970,46,2689071820,5669445998,185445954,21
job6435,18974,4,3381905998,3840912082,1778623919,26
job6445,19027,53,2846235250,3324002835,1490232403,22
job6448,19036,9,2725201172,2993465718,1324339721,21
job6449,19052,16,3435872993,4838998258,1864364960,26
job6454,19149,97,7405890387,11579863411,3107772837,56
job6457,19191,42,32253205621,41130149688,12700,241
job6469,19237,46,32253205621,41130676220,12700,241
job6470,19237,0,32253205621,41133065018,12700,241
job6471,19238,1,32253205621,41132324742,12700,241
job6472,19238,0,32253205621,41123031209,12700,241
job6473,19239,1,32253205621,41134617469,12700,241
job6475,19242,3,32253205621,41127915803,12700,241
job6477,19245,3,5258270474,22340730379,20233885109,40
job6485,19320,75,1036320087,1872287454,2252105,8
job6498,19406,86,463177240,1095464597,85208703,4
job6503,19440,34,2494928322,2561776600,1199532124,19
job6504,19441,1,855155507273,1585136205078,131253919257,6372
job6510,19494,53,64457452881,171904184331,77630946123,481
job6515,19533,39,2508624609,2761474100,227702286,19
job6526,19585,52,132761705901,334681163286,64561716388,990
job6530,19615,30,8724786361,14426716718,1617531356,66
job6538,19678,63,61992335901,167847623571,75785080269,462
job6547,19725,47,9285121600,22596842835,317039,70
job6554,19782,57,12211628241,27327290605,13053806526,91
job6563,19820,38,894112220266,3559903658262,297487596677,6662
job6588,19887,67,61889255256,167971474293,75763074832,462
job6593,19906,19,400902235823,811377780749,465282206653,2987
job6620,19963,57,15102590428,45476387629,391579645,113
job6622,19966,3,58353148453,162351230229,73214325863,435
job6638,19990,24,1220387306,1728551946,5063977694,10
job6639,19998,8,9056281852,9557572130,2856,68
job6641,20012,14,3513169227,4935327615,1940334209,27
job6643,20070,58,2888446533,3796319056,3316595068,22
job6659,20125,55,2805390868,4791916242,2005661,21
job6663,20154,29,4882847387,26613370013,7928016420,37
job6680,20313,159,2038699078,8487695883,1245749560,16
job6695,20403,90,1996065203,2435929869,1460793692,15
job6701,20454,51,1533297760428,3666252370859,2047956039243,11424
job6704,20477,23,9056281852,9552603772,2856,68
job6715,20542,65,60607951168,165921575877,74799902263,452
job6737,20713,171,847519589,1397847581,501077085,7
job6752,20880,167,640349995841,869120083420,151210848204,4771
job6760,20927,47,176122916751,872234503134,326882270049,1313
job6766,20993,66,18122314092,36406855741,4016967775,136
job6792,21115,122,381524042,1365802450,767896848,3
job6793,21121,6,9056281852,9555755701,2856,68
job6797,21148,27,1467354222,2035628061,32464190,11
job6806,21182,34,930027624068,3565866060245,1304658159045,6930
job6834,21353,171,46700579242,376097856022,178379520841,348
job6855,21474,121,4487854912,8810424802,2979115786,34
job6864,21555,81,267259333730,1007296143461,310731076746,1992
job6937,21822,267,63211684272,115360556251,923421123,471
job6996,22017,195,622248245,1240580439,950991787,5
job7021,22108,91,945346398,2929381304,1112933553,8
job7034,22181,73,27096856779,50698139618,478286112,202
job7065,22315,134,3334689305,8763099475,52106,25
job7088,22417,102,886964904,1347815544,78950676,7
job7115,22528,111,3502413806,8940138247,6407,27
job7134,22565,37,39831918636,177359059592,75523098374,297
job7173,22767,202,647544702490,1883757955826,1084098384140,4825
job7176,22779,12,1207301149,1542556621,961161480,9
job7297,23309,530,670630126,1381900356,1158181960,5
job7311,23372,63,964571817149,1297518466928,174217,7187
job7312,23373,1,288263914241,327999895492,161399,2148
job7313,23374,1,8008077427,14004985055,709399947,60
job7314,23378,4,81906301780,258209834421,155987251091,611
job7317,23396,18,37507713786,38410964257,27432,280
job7326,23428,32,964273925173,1297522050361,174217,7185
job7330,23432,4,288263914241,327996298950,161399,2148
job7331,23433,1,37507713786,38393029689,27432,280
job7336,23457,24,7836036467,13626866013,697625159,59
job7337,23460,3,7964439008,13843235277,707323131,60
job7457,23766,306,22249545731,40728373394,7158974564,166
job7537,24029,263,578972555,1380422278,750060075,5
job7543,24057,28,28255961873,81567646667,69904629238,211
job7568,24237,180,604517882,1344329891,107025677,5
job7633,24580,343,8008077427,9834519434,2153476,60
job7655,24676,96,7836036467,9501548424,1836787,59
job7681,24858,182,7964439008,9562420841,1847043,60
job7682,24861,3,174488426619,429212717136,250606995983,1301
job7685,24913,52,1283571310,3958088290,729877726,10
job7710,25048,135,174559524880,429379581559,250606995983,1301
job7789,25294,246,353865278,3680027092,255561769,3
job7881,25409,115,4412330323,5193348823,291590563,33
job7976,25648,239,9884861338,24645505740,202163766,74
job8001,25702,54,320137178,4046901739,262950282,3
job8020,25740,38,2112357250,2564540793,1838322566,16
job8028,25764,24,2236258125,3663107671,2224247515,17
job8030,25765,1,592756013194,943815201840,476051994984,4417
job8281,26139,374,721113121,1334849191,179747801,6
job8326,26203,64,21651207260,68148009634,6261305124,162
job8349,26241,38,4437156738,9844320782,4644911142,34
job8401,26335,94,2879165897,5415818356,2703975403,22
job8461,26457,122,4565644537475,6654993693259,2715072900040,34017
job8534,26568,111,2059249837,2144890359,248910,16
job8581,26662,94,64861306419,171907774556,7597486738,484
job8585,26685,23,749244652,1461202060,206774650,6
job8740,27041,356,66847191055,130643583017,288955482,499
job8858,27243,202,1377780755,1830327376,5927,11
job8888,27308,65,11444293725,11939443430,1673647008,86
job8912,27360,52,5719505712,6993310382,3873278,43
job8952,27423,63,11384471055,11721042057,1553687462,85
job9010,27538,115,48579479942,74365884990,8254461543,362
job9013,27543,5,7895919545,10743753677,5207607,59
job9032,27586,43,2544336595,2612788129,122802137,19
job9035,27594,8,1175351130,1848413722,884967463,9
job9036,27595,1,1071630687,2531071408,581843107,8
job9048,27606,11,10795741667,13526919441,180716495,81
job9061,27640,34,2289145908,3537196181,1466943430,18
job9140,27859,219,1662513854,1723171897,890,13
job9142,27873,14,590264139,1311628433,58388160,5
job9148,27892,19,2028353750,2034466440,90959,16
job9171,27974,82,47507336491,65596991796,5140988066,354
job9201,28049,75,3238507100,10735874678,250689,25
job9206,28068,19,164391615751,344736183903,179283429688,1225
job9233,28165,97,602265625,1622811641,12104308,5
job9338,28608,443,922584141195,1726372571192,980491666107,6874
job9360,28701,93,42039205687,80142701137,66097825979,314
job9417,28805,104,591102596,1076486617,46605573,5
job9449,28903,98,37831360727,45801791923,2916878394,282
job9472,28996,93,0,1193094746572,679215815044,0
job9494,29082,86,2926776225,3355059655,2023328490,22
job9545,29229,147,105070306514,246449265754,23167734994,783
job9547,29230,1,105070306514,199562161594,22970621366,783
job9571,29279,49,13365452138,25378889396,5580282805,100
job9603,29398,119,562055501,1313589733,66251,5
job9619,29453,55,692852253369,3810188920997,2989414930416,5163
job9724,29653,200,3681617247,7856143146,265083534,28
job9764,29756,103,175153436705,389222393133,130076630669,1305
job9970,30145,389,30818703943,85756558056,22167625054,230
job10011,30244,99,4703648166,9245690224,1135781233,36
job10101,30454,210,10598145365,42885727942,9021259031,79
job10110,30485,31,214176476058,1347759138695,828931093454,1596
job10158,30675,190,259941738781,545482097023,191950237788,1937
job10171,30758,83,10043728346,27058463884,6968186412,75
job10187,30843,85,603619547,1089967875,55844759,5
job10229,31034,191,9244530581,34948042720,209086352,69
job10230,31043,9,2171879623,7728170865,2671868700,17
job10258,31188,145,4844241625,13144382202,5217093813,37
job10261,31192,4,41173090788,195874730929,113021039,307
job10266,31205,13,39065341479,122888099607,76147679554,292
job10273,31261,56,2478823080,2717339218,285702725,19
job10276,31269,8,2047347884,9508290010,2660892060,16
job10311,31456,187,889356926233,2714118322841,10403898104,6627
job10361,31790,334,19966992897,30056326059,1085493058,149
job10362,31795,5,81146824563,210375962670,39027787828,605
job10416,32033,238,10584917657,19807500591,12406876276,79
job10418,32038,5,1072270509,1118901650,21872575,8
job10438,32112,74,34232020891,53355455361,16611,256
job10466,32205,93,37973867615,45885094075,2923468516,283
job10484,32274,69,8826125861,10819467521,248,66
job10490,32311,37,2572887911,7394262809,1951919674,20
job10535,32410,99,211228078602,316536879370,106945271153,1574
job10550,32458,48,261903512172,1001580873039,588306609165,1952
job10607,32609,151,143646711819,442673023969,212574150759,1071
job10612,32631,22,32585848382,45563774655,21930999,243
job10616,32638,7,685962221,1324922418,133940803,6
job10662,32854,216,52128795916,65933691475,8359172,389
job10665,32880,26,1076131679,1246069094,21898112,9
job10822,33253,373,7348837494,17589848592,11439743597,55
job10857,33370,117,37866494747,58436950268,3837862875,283
job10904,33518,148,958511601,1535520166,2840364,8
job10916,33532,14,2400945464,4559784576,2805,18
job10998,33755,223,10724019890,17805635153,8662341632,80
job11082,33915,160,2134448433,3705739293,5359114,16
job11189,34204,289,40196772564,47085052620,34306710769,300
job11235,34339,135,652435565,1546223430,914760808,5
job11243,34353,14,5099919068,12920839014,5217093813,38
job11304,34469,116,52134306402,65916363151,12477067,389
job11308,34478,9,1800291390,2271500288,38589125,14
job11310,34481,3,294293287513,894142812559,515486113672,2193
job11314,34487,6,8049629002,14049359286,713046822,60
job11318,34511,24,9088769330,24993144683,11717044882,68
job11322,34531,20,5712800444,18071524251,5675480490,43
job11400,34826,295,2758024048,5405231530,826913209,21
job11423,34930,104,6883937346,14429884182,3087122895,52
job11431,34942,12,28629724880,68269991714,8817827730,214
job11434,34953,11,1421948011,1912603078,780003068,11
job11453,35029,76,211056253240,316407193892,106887230173,1573
job11485,35178,149,7777314372,32414940050,15772668112,58
job11513,35331,153,3939933101,5146371412,291117014,30
job11543,35390,59,3087397830,3807430404,2572683157,24
job11554,35420,30,5712800444,18633461723,5669603806,43
job11558,35430,10,177450611094,737138615917,19770784896,1323
job11562,35438,8,1267623177,1661581075,307228554,10
job11568,35460,22,8049629002,9878950818,2096361,60
job11575,35495,35,329116950461,972572620380,5492355543,2453
job11578,35496,1,19059790309,50020758664,35218462052,143
job11625,35584,88,368620571809,455886910735,3502857658,2747
job11653,35710,126,10211988904,36010825490,2992831488,77
job11667,35822,112,100492869354,628390388347,231001189593,749
job11680,35867,45,569791239172,1195224318818,715008306376,4246
job11691,35925,58,1479050761289,4701753403053,1737108464644,11020
job11721,35991,66,40196772564,47150392131,34307094229,300
job11734,36123,132,6919296211,10940765126,7868383871,52
job11750,36251,128,44757535051,109588983096,62898934789,334
job11764,36391,140,619475176,1365233501,135960850,5
job11765,36411,20,867235217079,1443026751847,120817239326,6462
job11798,36738,327,20229094231,35459906214,25256208315,151
job11815,36854,116,502239044,1093301887,804324986,4
job11841,37138,284,12212232368,27465664295,10614303190,91
job11890,37308,170,24759024103,35612667462,20665582847,185
job11911,37478,170,1230397816,3092521277,1267889859,10
job11913,37479,1,1276505569,3429967920,853847577,10
job11949,37775,296,164833787623,1512992281543,9315360771,1229
job11952,37795,20,542117642214,3812262992064,1145293237694,4040
job11995,38418,623,44744799420,109339582601,63156840214,334
job12017,38566,148,739782521,1323780176,174888346,6
job12051,39083,517,84414711159,278730811524,99118096809,629
job12069,39304,221,44745437283,109558223706,63156840527,334
job12192,39867,563,55487813187,64782233075,11816043,414
job12250,40096,229,195836180392,214595515919,7980257013,1460
job12298,40173,77,5915419589,12256916846,1185930109,45
job12300,40174,1,6981578600,27142827592,5527285924,53
job12342,40320,146,5472243678,7006645525,15458,41
job12380,40608,288,803488981891,1252043693211,8350737464,5987
job12404,40651,43,676826346,1103711329,491005034,6
job12569,41144,493,787521365,1223558842,755187940,6
job12597,41239,95,35099117131,48079868514,36557489310,262
job12613,41290,51,7131247670,8513677025,1851712,54
job12623,41313,23,875973342003,1235903539985,114633500158,6527
job12644,41388,75,16346184166,21714174998,16190172528,122
job12649,41398,10,16909324319,43266849125,17650825856,126
job12673,41478,80,11065089713,11929179580,1343458458,83
job12695,41547,69,28141691672,72503806100,5963016,210
job12721,41628,81,272809171796,666515897946,18477218998,2033
job12748,41759,131,35295644881,47457037635,36289529292,263
job12769,41840,81,16802775923,17332637227,24136093,126
job12782,41862,22,4262658692,5356672745,113523,32
job12789,41878,16,14162333718,22845091532,9789879643,106
job12841,42030,152,2682890671,3340646014,2275385703,20
job12848,42047,17,521379253,1119801066,519488156,4
job12856,42063,16,6959069313,16460483578,3789224618,52
job12860,42065,2,28396324607,66755806932,9196090385,212
job12924,42233,168,12430043458,27181238188,13044642627,93
job12937,42259,26,218645527580,290215757104,140514263960,1630
job12964,42348,89,78237577270,465076947530,142831157527,583
job12989,42427,79,54449656603,108140243773,72620640349,406
job13000,42479,52,902823957,2012945236,494270850,7
job13052,42614,135,8442612985,11543536330,5569106,63
job13063,42666,52,13943259116,36964394432,4093285311,104
job13115,42871,205,7865886414,14347228899,2706,59
job13121,42910,39,6137411880,7520510995,4143870,46
job13129,42978,68,937351780953,1425074844984,13659454923,6984
job13130,42986,8,61697347555,160911565544,153776,460
job13153,43038,52,2855119572,5376280248,2690497950,22
job13163,43046,8,61542822031,159778364664,88434,459
job13252,43262,216,1454933842,3204604510,2025102277,11
job13263,43284,22,667507665,1777034359,13060896,5
job13290,43347,63,1938772140,4424011519,1710746128,15
job13302,43376,29,140359396612,577167496069,242300916212,1046
job13355,43506,130,669668766,1138856798,1590114,5
job13360,43513,7,1460389800,3178303134,2025102277,11
job13375,43556,43,1915316419,2208933617,1115325836,15
job13400,43592,36,59413906977,147712200469,5186691,443
job13403,43599,7,1443350941,2031098335,888,11
job13416,43611,12,1459090539,3878856438,2438016604,11
job13422,43625,14,40134715943,82764217368,1627941157,300
job13432,43651,26,1443353297,2077023628,888,11
job13436,43671,20,40134779997,82642223241,1627941157,300
job13462,43742,71,25629566138,44042254737,382710,191
job13507,43879,137,517807840767,2257910810059,675375859020,3858
job13518,43906,27,1448842941,3082290296,2025102277,11
job13519,43908,2,1446591211,2158919934,888,11
job13537,43948,40,1460390009,3878856442,2438016604,11
job13556,44018,70,1585553742,3080161693,1815768455,12
job13642,44266,248,5580521832,21566851007,9360390591,42
job13656,44297,31,268944192,1264095293,894247216,3
job13668,44340,43,24687740695,48601817022,6868,184
job13687,44387,47,40134715943,82642079475,1627941157,300
job13696,44427,40,40134817928,82679306519,1627941157,300
job13703,44451,24,45435529059,460821265728,851786671,339
job13712,44472,21,30572199493,259204992134,3552881380,228
job13713,44472,0,25505735089,214784855744,1837134748,191
job13714,44473,1,39136071558,418771706290,52055908635,292
job13715,44475,2,52121094834,323340284093,3609408017,389
job13735,44536,61,1507303344,1641684137,1142891808,12
job13757,44572,36,143519745937,299789019738,19739455817,1070
job13773,44590,18,1585553742,2946089623,1516177710,12
job13790,44642,52,669784085,1439387221,13060437,5
job13793,44661,19,1939313328,4836146246,1813305357,15
job13806,44710,49,8009767935,20915958927,12296694,60
job13848,44836,126,2769583094,5080661730,769921408,21
job13990,44970,134,84397680225,350678130669,113346231076,629
job13993,44977,7,84397680225,350643152230,113346231076,629
job14040,45058,81,1915316419,2210617619,1115325836,15
job14045,45066,8,6212201693,19103235983,10026523131,47
job14146,45205,139,1687454936,3341374011,1923486510,13
job14200,45316,111,79630185596,162391659900,80534355144,594
job14202,45317,1,745402334059,2080132316579,1174062221284,5554
job14211,45354,37,1689952614,2304528456,6055615,13
job14212,45355,1,6687472575,8295853173,13190154,50
job14252,45426,71,47435021269,90050983876,74163691614,354
job14258,45447,21,25629566138,44025575307,382710,191
job14272,45491,44,533891037,2207915759,76563037,4
job14285,45547,56,9422481258,13146057415,18066691,71
job14295,45591,44,31072412410,40334450046,6405717608,232
job14308,45633,42,1582628497,1684650428,18610061,12
job14332,45684,51,1457595493,3207963850,2025103845,11
job14351,45743,59,1459488463,3878591333,2438019294,11
job14358,45772,29,1687454936,3203136077,1603377607,13
job14365,45798,26,26394445705,48019026585,820356376,197
job14368,45810,12,1451166680,2031113690,888,11
job14379,45868,58,26394445705,48035127668,820349979,197
job14381,45868,0,963459958084,2625944916540,982222,7179
job14404,45924,56,6212201693,18904416761,9318907145,47
job14409,45947,23,25629456987,47512356951,226330,191
job14480,46090,143,25629566138,44045278693,382710,191
job14508,46189,99,216140830,2720048450,931217638,2
job14513,46220,31,4444707611,7181965908,392928246,34
job14517,46239,19,26394463499,48056901647,820263786,197
job14522,46244,5,745402119045,2080125419259,1174062221284,5554
job14534,46254,10,25631090307,47538832939,2774581,191
job14569,46268,14,26394463499,48027650841,820209079,197
job14599,46304,36,630668190367,907436851240,431527967457,4699
job14665,46493,189,1539312284,3175750401,1446164605,12
job14696,46584,91,1426120055,1726668121,6634864,11
job14725,46642,58,6558525480,8625372580,17138,49
job14727,46643,1,6558525480,38366155317,7858586605,49
job14733,46650,7,6558525480,15065649063,1456863918,49
job14758,46694,44,745536852274,2080132931323,1174062221284,5555
job14763,46716,22,674232514,1153274897,5882869,6
job14823,46882,166,301563068734,918450574358,561024937338,2247
job14846,47002,120,2699707562752,7706402681867,66738,20115
job14870,47109,107,16119592150,39034942439,21483536470,121
job14917,47342,233,1234653297050,4081703210896,4843697394,9199
job15031,47788,446,3260127941,3509363841,1534215,25
job15043,47824,36,2704396380,24179192904,103241707,21
job15080,47952,128,76229917057,117114680513,75528970242,568
job15192,48495,543,125674146085,535190430049,80277,937
job15284,48858,363,56665432545,162800426398,3923232356,423
job15318,48990,132,79593752365,164311043607,81742968786,594
job15321,48995,5,7842934107,12460842923,3263661910,59
job15343,49087,92,1538680115,1879342387,804709927,12
job15344,49087,0,2130051337,8426341147,4837244049,16
job15347,49088,1,191273359809,243808759646,12498402666,1426
job15349,49090,2,52969461813,58337528594,1999682730,395
job15352,49096,6,56734899203,116912017118,4007975384,423
job15356,49125,29,1451822839,3149076882,26600,11
job15394,49223,98,59152799687,64795984440,85090049531843,441
job15411,49253,30,62257494972,102320469695,55938956195,464
job15578,49974,721,41456507620,144560620457,34413923421,309
job15599,50138,164,74399977741,111711605201,71964410245,555
job15639,50327,189,3952174600,5368554146,45851052,30
job15651,50372,45,1753606875,4333150743,36124,14
job15671,54029,3657,1848106359,5952873272,1825287266,14
job15705,54072,43,813167041210,1059811894969,890180548,6059
job15709,54074,2,816922177753,1060752755153,1462844812,6087
job15732,54111,37,6327439156,9414463493,519144037,48
job15746,54124,13,356781933221,1013812181295,53992,2659
job15751,54138,14,18588147680,38850389690,5689327706,139
job15770,54256,118,4429970613,15195304655,2766,34
job15791,54302,46,745935396,1261120903,66344670,6
job15810,54329,27,4429972576,17179236199,3273,34
job15832,54385,56,4429970613,15142535324,2766,34
job15881,54522,137,2341977126,2602878765,14219244,18
job15958,54682,160,1445628556,1489161588,79578814,11
job16045,54980,298,5830626554,12409375621,4872600639,44
job16096,55068,88,912801496,2426264592,1442105445,7
job16120,55128,60,303954177,1736983775,284917655,3
job16180,55260,132,4709660455015,28243486192156,67389233,35090
job16199,55290,30,5055708748642,29411111898026,4312850310,37668
job16226,55372,82,4360047343647,29791715280984,1171092077,32485
job16276,55522,150,4236410110,6566794041,366291463,32
job16313,55655,133,4429972576,17200285333,3273,34
job16332,55752,97,4429972576,17241236954,3273,34
job16345,55822,70,34736243339,113659495413,62425318326,259
job16348,55834,12,18516913296,54683129863,1973352352,138
job16468,56260,426,590053467861,784239845496,415509757974,4397
job16488,56370,110,1122517411673,1495265039390,31904498,8364
job16495,56393,23,791696096,1354287787,113014950,6
job16502,56435,42,1186568660,3683623090,1860596125,9
job16619,56674,239,34178632629,176863876637,45635094449,255
job16697,56809,135,813156245625,1059812422814,885167825,6059
job16700,56813,4,816897093728,1060730291475,1447992546,6087
job16714,56829,16,568486000,1463694620,101207763,5
job16806,57159,330,31216365230,125556488607,34433886833,233
job16818,57197,38,13033170473,46507589413,108049249,98
job16881,57379,182,45511211569,46349687099,33069,340
job16888,57382,3,318071731289,357567018802,161708,2370
job16897,57396,14,1138003683502,1388749185520,174761,8479
job16909,57414,18,4236410110,6559416950,366291463,32
job17015,58059,645,8693648736,9361737072,129677549,65
job17018,58066,7,73217953731,244191174228,65136071189,546
job17032,58127,61,0,1659076780229,676133203666,0
job17096,58361,234,11982023515,26257322523,12658585049,90
job17142,58573,212,734452760098,1283927237261,798920432504,5473
job17171,58710,137,9056622266,23954229376,3785227061,68
job17230,59071,361,3888996964,4818608443,168025600,29
job17299,59665,594,25135688475,245545410091,52848021,188
job17320,59777,112,194623285880,349657913986,494654099934,1451
job17342,59858,81,5825311529,18682728586,14111299042,44
job17386,60124,266,7061873953,29442789425,6803065380,53
job17399,60177,53,24961523265,126662158046,76531024596,186
job17494,60501,324,630718347439,1392881556278,106506306732,4700
job17503,60526,25,709369782555,808187109650,463730509361,5286
job17539,60669,143,24937459976,73293086046,5036187,186
job17571,60838,169,2533724281,2998935522,2301478459,19
job17575,60891,53,126131947343,272969329421,293295,940
job17600,61071,180,3361325136,3508658570,890776381,26
job17641,61217,146,88871898577,298911452347,110919322056,663
job17751,61615,398,2350283569,4020089774,984164690,18
job17767,61704,89,1594865355674,3802652773902,2131879996748,11883
job17781,61748,44,30700745089,89394117555,9971576600,229
job17782,61767,19,5253898493,12757489215,5272002033,40
job17801,61801,34,33901358447,154539950057,14293968337,253
job17848,61965,164,19289418365,57306513499,20260917997,144
job17886,62107,142,3714700527,8056706652,2014783723,28
job18027,62544,437,83699218334,156163024160,4274935082,624
job18098,62758,214,6053761336,12338370546,2589664463,46
job18132,62876,118,5253898493,12757525382,5271999485,40
job18157,62973,97,19289446731,58481643594,20260917997,144
job18313,63335,362,81051566849,355396294096,132415889173,604
job18339,63402,67,590074230,1512205052,120178742,5
job18351,63432,30,19289446731,55496651404,20260917997,144
job18365,63525,93,8576761227,12674985809,1850475962,64
job18387,63672,147,31069899379,90960803458,9257906698,232
job18434,63869,197,9640643145,21337517080,4228041627,72
job18438,63879,10,2308854629,2653457035,1417907492,18
job18449,63915,36,39701924892,133226914732,12136742740,296
job18491,64206,291,2746058401,24450218876,110832729,21
job18526,64430,224,816361233788,1060696478443,1387800768,6083
job18527,64431,1,811748525987,1059706449394,783436966,6048
job18587,64880,449,670660136,2468271858,1200474875,5
job18623,64996,116,1384980657,1839629870,272,11
job18660,65092,96,6185651802,18091010939,8949741448,47
job18662,65094,2,198159707581,240172333880,169060,1477
job18747,65399,305,1464644505,3007895129,2020022795,11
job18773,65453,54,14291365038,29970948478,13500761142,107
job18804,65540,87,1458591992,3930402888,2459535227,11
job18822,65572,32,784244017434,952582366363,175539,5844
job18845,65630,58,660205022793,982671365386,464173926954,4919
job18864,65660,30,836395376638,907678635820,175144,6232
job18900,65744,84,4922086386,15847283946,29940190,37
job18949,66034,290,1803318353,2182385422,7076465,14
job18975,66176,142,1055743956037,3607574461570,403235806998,7866
job18980,66204,28,199845003656,242034649786,168962,1489
job19026,66437,233,1803318353,2180628291,1088895767,14
job19035,66550,113,1226905008,3970095397,2609341605,10
job19042,66568,18,3072833374,3628648063,588240102,23
job19094,66793,225,6392596631,15973788040,29892279,48
job19136,66951,158,29982524363,38700543699,6150908061,224
job19152,67084,133,1323939716,3356583648,1299788068,10
job19166,67155,71,200012297985,242178533262,168887,1491
job19181,67215,60,783288015230,951668119663,175519,5836
job19186,67265,50,389097841227,1244999134000,48481701465,2900
job19198,67310,45,2635607381,4129886528,214598815,20
job19218,67377,67,2639744402,3821073195,924911451,20
job19225,67394,17,857494749900,906802653933,175158,6389
job19271,67728,334,1235226414,2288975614,1414253920,10
job19279,67762,34,5936992927,13279986080,25919238,45
job19293,67877,115,8388018711,10169347524,248,63
job19332,68132,255,199059751573,241116651050,168993,1484
job19333,68133,1,1235226414,2137798460,1208448143,10
job19342,68171,38,235905622115,776823339198,390708122895,1758
job19352,68236,65,2570475839,3005144362,248,20
job19360,68251,15,1324412785,3383548083,1300242151,10
job19369,68349,98,24369463114,45580845970,132802,182
job19464,68736,387,874627407761,1234557393594,114742792870,6517
job19477,68788,52,6981054328,8755652047,1877910,53
job19494,68835,47,308620235962,691489346073,12976231125,2300
job19495,68838,3,713036418,1322905311,544001255,6
job19498,68858,20,11431792936,12004670642,1350276472,86
job19562,69088,230,14058099970,37507463439,4113625382,105
job19695,69574,486,2898559908,5919163691,2989588073,22
job19704,69604,30,554923179169,903112583429,454251432952,4135
job19761,69798,194,7028932609,17253983732,3912658164,53
job19768,69804,6,28723255530,67799411893,9318603934,215
job19773,69813,9,853832423,2023616138,493072004,7
job19781,69879,66,217454923499,292276474513,141311026269,1621
job19806,70033,154,4163483363,4358466629,288465401,32
job19809,70074,41,5782716768,7078908306,3910841,44
job19835,70234,160,7986943258,10868075444,5267943,60
job19851,70275,41,1758353179,2001503509,6678,14
job19893,70428,153,60927716549,159991460227,82742,454
job19896,70430,2,2206739329,3662940926,1514292578,17
job19902,70437,7,936175505653,1423805738781,13648393659,6976
job19905,70441,4,2857068797,5389173504,2699683649,22
job19937,70545,104,60927716549,159986975751,144695,454
job19990,70686,141,10813531541,13512379580,166167305,81
job20065,70806,120,731827652,1399112400,188981170,6
job20097,70861,55,1163290608,2320657766,634448488,9
job20102,70867,6,1289778739,1903934823,964070398,10
job20230,71077,210,6981054328,10404103525,5870782,53
job20242,71091,14,520681532,1158587294,487675600,4
job20266,71168,77,228241379,4312843625,224326348,2
job20290,71212,44,2496057382,3838092910,665765869,19
job20314,71304,92,162433339058,341971821632,179104400384,1211
job20336,71369,65,27572528726,43682864494,238530345,206
job20377,71471,102,10148611491,17487962296,1005321821,76
job20477,71699,228,7765932995,21749602079,2263388550,58
job20525,71811,112,61868209025,262275505427,65763468580,461
job20574,71909,98,32538130941,44975682830,34203801038,243
job20659,72217,308,25677010308,35898875599,45542,192
job20740,72605,388,2991115738,3249191690,945,23
job20744,72613,8,1106168613,3867354730,2774083797,9
job20764,72697,84,46028492846,113143578888,64737690355,343
job20767,72711,14,5816088910,7508535561,1761,44
job20783,72819,108,898080453290,1480143978748,123984373381,6692
job20810,72996,177,871151428009,2622441852154,118306,6491
job20829,73174,178,58590514706,67350047414,75654,437
job20874,73396,222,726814775,1210193628,64100060,6
job20877,73421,25,255353954068,471968422752,21844122100,1903
job20888,73497,76,1054294537,2752992982,359178873,8
job20889,73497,0,39110750278,187512614796,6792251451,292
job20891,73499,2,6601534330,9304935466,888656582,50
job20893,73502,3,2317820170,3519382264,8778979542,18
job20944,73668,166,3434903748,5085048097,248,26
job20968,73845,177,18926279187,48415793321,21188666179,142
job21020,73989,144,19056443409,50009828200,35225729456,142
job21048,74079,90,5309929630,10593699374,384058,40
job21087,74168,89,845317627,1798698752,348759134,7
job21123,74419,251,1165354402,1220472762,103678582,9
job21125,74446,27,681718624995,1377794368909,51384511267,5080
job21131,74507,61,35911950585,89920257745,29822866406,268
job21133,74521,14,0,1782115661960,749684256697,0
job21134,74523,2,19411046492,67503718512,9842855924,145
job21135,74524,1,516189326778,1511289223798,866572971082,3846
job21137,74543,19,1289727825320,5199000299000,1040889021216,9610
job21138,74551,8,1649286156676,6971030800872,1403699388674,12289
job21144,74572,21,870429762815,3355184487694,678153188334,6486
job21170,74906,334,1414264212,1672445986,948325568,11
job21217,75069,163,2900323190,5815355799,13012540,22
job21233,75133,64,1097848898,1276865451,808539803,9
job21254,75209,76,1493076743,2048353151,1277379353,12
job21327,75383,174,2900323190,4510829546,2778818,22
job21509,75829,446,7591607321,15897424485,3493224314,57
job21527,75845,16,30497549483,67619632858,7125961129,228
job21549,75909,64,598349319,1282008084,1118821766,5
job21551,75916,7,900364068,1642768213,903747145,7
job21571,75948,32,6300042858,18576259450,9193256602,47
job21581,75973,25,555161205,1419663250,84585624,5
job21598,76014,41,14469948761,26936650041,5894553001,108
job21603,76023,9,14047802614,14289929228,2668860950,105
job21654,76222,199,0,59247133357,17742992740,0
job21684,76318,96,2857454482,5635609491,816889646,22
job21707,76368,50,5731081591,9041801878,2873907,43
job21802,76572,204,815084016057,1278012935249,13783989574,6073
job21805,76579,7,9523573555,13274491114,18184158,71
job21852,76716,137,3963404832,13756961718,6526129200,30
job21938,76809,93,5264500579,16310658001,31241616,40
job21945,76814,5,4002728371,5243236484,1823332,30
job21997,76885,71,995855911,1863803161,121435045,8
job22022,76939,54,41033986772,51473682084,9420544627,306
job22143,77198,259,8339680591,29836824320,8463547801,63
job22144,77204,6,111842374901,419867056351,132903411170,834
job22168,77239,35,7165065578,19745239966,1054763820,54
job22182,77271,32,1886547746,4320502248,721384252,15
job22213,77312,41,55513054906,69800795908,11078927,414
job22234,77353,41,586554373411,3062999127128,1241843558638,4371
job22246,77373,20,1737100682,4231893319,1656188919,13
job22254,77387,14,9620728288,25991550880,4108689562,72
job22313,77478,91,6268904243,35246795439,7239693583,47
job22314,77479,1,6268904243,8368049052,17330,47
job22315,77484,5,6268904243,14627422714,1415949197,47
job22373,77623,139,691645527,1132552066,6586216,6
job22387,77693,70,7019369880,13376678101,8216,53
job22403,77762,69,6551550157,16460820049,31345855,49
job22443,77987,225,10606317180,28543286459,7353764915,80
job22451,78103,116,1540342309,2948924767,1748179530,12
job22498,78207,104,995855911,1863803161,121435045,8
job22568,78356,149,2780299922,5116244957,769886841,21
job22572,78378,22,12050996866,47407592402,18853476449,90
job22601,78493,115,1540342309,2770520871,1451904221,12
job22626,78578,85,12932934792,24837940425,7109589,97
job22649,78675,97,6098105202,13775925795,27447515,46
job22710,78855,180,12381486069,40165822950,18407186868,93
job22717,78866,11,147161932956,309087350995,20427271012,1097
job22862,79068,202,7624386317,32395314119,7417744803,57
job22878,79104,36,1542204808,2041609832,709014983,12
job22924,79175,71,7872907030,19974684132,9291188614,59
job22964,79273,98,255524035407,452802077509,53992,1904
job22974,79301,28,46789961202,377111083124,178529154688,349
job22983,79324,23,658611900007,2176874556343,1267824546663,4908
job23005,79443,119,549731969249,2933497352565,2331605093596,4096
job23018,79519,76,2726866158,5120902944,3041,21
job23095,79697,178,81258340982,210597877991,39023118357,606
job23115,79786,89,582953571,1749919116,357492899,5
job23196,80062,276,278842797412,910314888001,513511392594,2078
job23197,80063,1,255524035407,452805762225,101632,1904
job23251,80315,252,3079199637,7825133138,690,23
job23253,80334,19,84967237587,232657251615,710,634
job23255,80335,1,9874211742,45193901416,16343065980,74
job23261,80367,32,663483494,1422314211,829672497,5
job23262,80371,4,3812020270,21305373164,6294472386,29
job23271,80410,39,1017656886,1893497686,119096646,8
job23418,81091,681,29690258450,141428159793,58354789534,222
job23466,81280,189,565828746,1093339595,20266174,5
job23467,81281,1,22408936168,38512732316,142783041959,167
job23478,81355,74,177025351995,992481510643,610124054209,1319
job23546,81843,488,49073948685,302836930960,3356757538,366
job23547,81843,0,35834742170,394579874862,46270864428,267
job23548,81843,0,41807171181,434058524356,4083216,312
job23549,81844,1,24070301258,201925696378,1691372984,180
job23550,81845,1,26519891430,243856559890,3302170417,198
job23553,81856,11,1017656886,1893124018,119096646,8
job23596,82122,266,539800270456,575096496126,215332002915,4022
job23611,82274,152,5671121039,28109576168,8841162402,43
job23612,82275,1,66445494263,80902383235,3651632554,496
job23618,82311,36,5595978059,7065823782,1295063179,42
job23698,82620,309,6232497312,8298578357,3732237869,47
job23774,82976,356,29937742144,101872507352,33082464890,224
job23777,82980,4,2552815934,6449280567,4478158813,20
job23803,83095,115,2159889346,3962484723,16249619,17
job23830,83330,235,245431758006,359665341827,15265957,1829
job23843,83392,62,221511628741,547346891914,62736414644,1651
job23857,83486,94,11748078924,56559434797,23480544216,88
job23877,83628,142,2288846651,3638854706,1132226519,18
job23895,83699,71,1268999139,3912881267,721008703,10
job23914,83801,102,7924765574,16016536734,5554345636,60
job23976,84147,346,10959666302,31917539966,3056,82
job23985,84188,41,259672108918,846016678394,478025640360,1935
job23991,84230,42,679380079,2570511040,2501317326,6
job24063,84429,199,3753248214,5065948887,2590,28
job24070,84464,35,331894304742,1066301264723,424422024547,2473
job24097,84563,99,64705815239,174110516053,71872912467,483
job24119,84587,24,863115381481,2927971356473,851079795881,6431
job24120,84590,3,177877232886,490388878239,167034301081,1326
job24121,84591,1,302565135551,926589675771,312187500457,2255
job24122,84595,4,368278891427,1407117808775,486817566923,2744
job24123,84596,1,123635707870,336439170606,123277657874,922
job24127,84605,9,63516494841,231733535935,61404509522,474
job24130,84615,10,245832434877,359667766422,15257692,1832
job24131,84623,8,1275277597065,3771586933817,907081580590,9502
job24133,84625,2,1334660969304,4494952423620,1169529320920,9944
job24135,84627,2,871319868194,2556749113220,693598769484,6492
job24136,84637,10,380387834971,1306619137643,430386083714,2835
job24137,84637,0,175904116341,553213063509,220962398529,1311
job24140,84649,12,415254971185,1264632719633,379226229923,3094
job24162,84774,125,549273710,1322219186,150676221,5
job24189,84898,124,51670151137,91536639373,33098837726,385
job24190,84899,1,558344203,1225576642,109942879,5
job24196,84947,48,6914964838,48120560070,12563190887,52
job24211,85009,62,1444563512,3666608498,3025153896,11
job24248,85243,234,89737737999,211400941797,1030953887,669
job24271,85399,156,360885986,2712508840,19051248,3
job24274,85404,5,1415109331910,3437814543218,549040186952,10544
job24278,85420,16,22057027440,24158678378,95500,165
job24279,85426,6,32098874330,40259278715,27364832326,240
job24283,85439,13,844944489915,1907125241602,1080184341037,6296
job24332,85730,291,1864583621,2481945474,636,14
job24366,85878,148,627187221,1299950079,1078138361,5
job24371,85934,56,4520005814,31624450372,7882596038,34
job24372,85935,1,8311769856,16430077777,87713577,62
